2.070707070707070496e+00
2.059113300492610765e+00
2.000000000000000000e+00
2.083333333333333481e+00
2.063725490196078205e+00
2.059113300492610765e+00
2.030303030303030276e+00
2.034825870646766344e+00
2.055555555555555358e+00
2.050251256281407031e+00
2.070707070707070940e+00
2.105527638190954676e+00
2.029556650246305605e+00
2.055276381909547645e+00
2.005050505050505194e+00
2.050505050505050164e+00
2.065326633165829318e+00
2.050505050505050164e+00
2.020202020202020332e+00
2.093596059113300267e+00
2.065656565656565746e+00
2.074626865671641784e+00
2.068965517241379004e+00
2.015075376884421843e+00
2.095959595959596022e+00
2.064676616915423146e+00
2.128078817733990213e+00
2.049261083743842526e+00
2.030303030303030276e+00
2.050251256281407031e+00
