2.985074626865671821e+00
2.974747474747474918e+00
2.979797979797979668e+00
2.984848484848484862e+00
2.984924623115578157e+00
2.984848484848484862e+00
2.994949494949494806e+00
2.979899497487437099e+00
2.980392156862745168e+00
2.980099502487562280e+00
2.984848484848484862e+00
2.989898989898990056e+00
2.969696969696969724e+00
2.984924623115577713e+00
2.990147783251231317e+00
2.979797979797980112e+00
2.984848484848484862e+00
2.970588235294117752e+00
2.980295566502463078e+00
2.984848484848484862e+00
2.980295566502463078e+00
2.985294117647058876e+00
2.979797979797979668e+00
2.990196078431372584e+00
2.980295566502463078e+00
2.970588235294117752e+00
2.979797979797979668e+00
2.984924623115577713e+00
2.974747474747474474e+00
2.990196078431372584e+00
